4294967293,131
4294967293,130
4294967293,129
4294967293,128
4294967293,127
4294967293,126
4294967293,125
4294967293,124
4294967293,123
4294967293,122
4294967293,121
4294967293,120
4294967293,119
4294967293,118
4294967293,117
4294967293,116
4294967293,115
4294967293,114
4294967293,113
4294967293,112
4294967293,111
4294967293,110
4294967293,109
4294967293,108
4294967293,107
4294967293,106
4294967293,105
4294967293,104
4294967293,103
4294967293,102
4294967293,101
4294967293,100
4294967293,99
4294967293,98
4294967293,97
4294967293,96
4294967293,95
4294967293,94
4294967293,93
4294967293,92
4294967293,91
4294967293,90
4294967293,89
4294967293,87
4294967293,86
4294967293,85
4294967293,84
4294967293,83
4294967293,82
4294967293,81
4294967293,80
4294967293,79
4294967293,78
4294967293,77
4294967293,76
4294967293,75
4294967293,74
4294967293,73
4294967293,72
4294967293,71
4294967293,70
4294967293,69
4294967293,68
4294967293,67
4294967293,66
4294967293,65
4294967293,64
4294967293,63
4294967293,62
4294967293,61
4294967293,60
4294967293,59
4294967293,58
4294967293,57
4294967293,56
4294967293,55
4294967293,54
4294967293,53
4294967293,52
4294967293,51
4294967293,50
4294967293,49
4294967293,48
4294967293,47
4294967293,46
4294967293,45
4294967293,44
4294967293,43
4294967293,42
4294967293,41
4294967293,40
4294967293,39
4294967293,38
4294967293,37
4294967293,36
4294967293,35
4294967293,34
4294967293,33
4294967293,32
4294967293,31
4294967293,30
4294967293,29
4294967293,28
4294967293,27
4294967293,26
4294967293,25
4294967293,24
4294967293,23
4294967293,22
4294967293,21
4294967293,20
4294967293,19
4294967293,18
4294967293,17
4294967293,16
4294967293,15
4294967293,14
4294967293,13
4294967293,12
4294967293,11
4294967293,10
4294967293,9
4294967293,8
4294967293,7
4294967293,6
4294967293,5
4294967293,4
4294967293,3
4294967278,313
4294967278,130
4294967278,304
4294967278,128
4294967278,282
4294967278,125
4294967278,344
4294967278,123
4294967278,560
4294967278,120
4294967278,117
4294967278,116
4294967278,517
4294967278,115
4294967278,112
4294967278,111
4294967278,323
4294967278,110
4294967278,107
4294967278,106
4294967278,104
4294967278,103
4294967278,102
4294967278,101
4294967278,100
4294967278,99
4294967278,96
4294967278,95
4294967278,422
4294967278,388
4294967278,94
4294967278,219
4294967278,297
4294967278,87
4294967278,312
4294967278,439
4294967278,86
4294967278,447
4294967278,85
4294967278,284
4294967278,81
4294967278,296
4294967278,79
4294967278,415
4294967278,76
4294967278,311
4294967278,374
4294967278,75
4294967278,294
4294967278,74
4294967278,292
4294967278,73
4294967278,412
4294967278,72
4294967278,310
4294967278,67
4294967278,66
4294967278,65
4294967278,64
4294967278,383
4294967278,62
4294967278,338
4294967278,61
4294967278,57
4294967278,309
4294967278,56
4294967278,307
4294967278,2
4294967278,213
4294967278,347
4294967278,318
4294967278,229
4294967278,7
4294967278,6
4294967278,5
4294967278,0
4294967278,305
4294967278,260
4294967279,564
4294967279,553
4294967279,127
4294967279,562
4294967279,117
4294967279,116
4294967279,557
4294967279,115
4294967279,112
4294967279,554
4294967279,110
4294967279,109
4294967279,107
4294967279,106
4294967279,333
4294967279,105
4294967279,104
4294967279,103
4294967279,561
4294967279,442
4294967279,99
4294967279,98
4294967279,97
4294967279,96
4294967279,536
4294967279,94
4294967279,93
4294967279,92
4294967279,91
4294967279,90
4294967279,560
4294967279,217
4294967279,87
4294967279,84
4294967279,83
4294967279,238
4294967279,82
4294967279,81
4294967279,559
4294967279,433
4294967279,76
4294967279,527
4294967279,75
4294967279,551
4294967279,74
4294967279,526
4294967279,73
4294967279,69
4294967279,68
4294967279,67
4294967279,66
4294967279,65
4294967279,64
4294967279,63
4294967279,62
4294967279,61
4294967279,60
4294967279,58
4294967279,57
4294967279,56
4294967279,55
4294967279,547
4294967279,50
4294967279,48
4294967279,538
4294967279,45
4294967279,42
4294967279,41
4294967279,558
4294967279,40
4294967279,39
4294967279,391
4294967279,35
4294967279,555
4294967279,30
4294967279,29
4294967279,27
4294967279,418
4294967279,25
4294967279,24
4294967279,22
4294967279,21
4294967279,277
4294967279,20
4294967279,19
4294967279,17
4294967279,16
4294967279,530
4294967279,15
4294967279,14
4294967279,11
4294967279,524
4294967279,10
4294967279,174
4294967279,5
4294967279,4
4294967294,557
4294967294,657
4294967294,656
4294967294,654
4294967294,653
4294967294,652
4294967294,651
4294967294,650
4294967294,649
4294967294,647
4294967294,638
4294967294,636
4294967294,634
4294967294,633
4294967294,632
4294967294,629
4294967294,628
4294967294,627
4294967294,626
4294967294,625
4294967294,624
4294967294,617
4294967294,616
4294967294,615
4294967294,614
4294967294,611
4294967294,608
4294967294,605
4294967294,604
4294967294,603
4294967294,602
4294967294,601
4294967294,600
4294967294,599
4294967294,598
4294967294,597
4294967294,596
4294967294,595
4294967294,594
4294967294,593
4294967294,562
4294967294,590
4294967294,585
4294967294,584
4294967294,583
4294967294,582
4294967294,581
4294967294,580
4294967294,550
4294967294,318
4294967294,313
4294967294,312
4294967294,305
4294967294,304
4294967294,298
4294967294,295
4294967294,294
4294967294,281
4294967294,280
4294967294,273
4294967294,271
4294967294,268
4294967294,267
4294967294,266
4294967294,265
4294967294,264
4294967294,540
4294967294,260
4294967294,255
4294967294,254
4294967294,239
4294967294,238
4294967294,231
4294967294,230
4294967294,229
4294967294,225
4294967294,223
4294967294,222
4294967294,219
4294967294,218
4294967294,217
4294967294,216
4294967294,215
4294967294,213
4294967294,209
4294967294,208
4294967294,207
4294967294,206
4294967294,203
4294967294,201
4294967294,200
4294967294,199
4294967294,198
4294967294,196
4294967294,195
4294967294,193
4294967294,531
4294967294,529
4294967294,528
4294967294,527
4294967294,524
4294967294,520
4294967294,519
4294967294,534
4294967294,518
4294967294,517
4294967294,152
4294967294,151
4294967294,805
4294967294,944
4294967294,128
4294967294,403
4294967294,881
4294967294,132
4294967294,1131
4294967294,1277
4294967294,913
4294967294,131
4294967294,488
4294967294,1022
4294967294,489
4294967294,88
4294967294,87
4294967294,86
4294967294,85
4294967294,84
4294967294,83
4294967294,978
4294967294,977
4294967294,976
4294967294,975
4294967279,326
4294967294,395
4294967294,848
4294967294,387
4294967294,487
4294967294,486
4294967294,485
4294967294,1203
4294967294,1274
4294967294,804
4294967294,847
4294967294,483
4294967294,482
4294967294,481
4294967294,845
4294967294,824
4294967294,477
4294967294,1098
4294967294,844
4294967294,1089
4294967294,1276
4294967294,476
4294967294,1125
4294967294,1093
4294967294,1090
4294967294,1149
4294967294,1116
4294967294,1113
4294967294,475
4294967294,1111
4294967294,1110
4294967294,1107
4294967294,1231
4294967294,121
4294967294,1261
4294967294,826
4294967294,772
4294967294,841
4294967294,134
4294967294,822
4294967294,473
4294967294,1112
4294967294,1105
4294967294,769
4294967294,1275
4294967294,472
4294967294,843
4294967294,52
4294967294,959
4294967294,1232
4294967294,471
4294967294,770
4294967294,842
4294967294,840
4294967294,821
4294967294,1202
4294967294,470
4294967294,1201
4294967294,1226
4294967294,1104
4294967294,1108
4294967294,1204
4294967294,1109
4294967294,1088
4294967294,820
4294967294,1225
4294967294,817
4294967294,465
4294967294,859
4294967294,1117
4294967294,184
4294967294,768
4294967294,44
4294967294,819
4294967294,43
4294967294,31
4294967294,1127
4294967294,413
4294967294,1142
4294967294,1140
4294967294,388
4294967294,919
4294967294,823
4294967294,484
4294967294,1129
4294967294,416
4294967278,353
4294967278,431
4294967279,546
4294967278,430
4294967279,543
4294967278,298
4294967279,421
4294967278,440
4294967279,552
4294967278,303
4294967279,423
4294967278,302
4294967279,550
4294967278,262
4294967278,425
4294967278,377
4294967279,428
4294967279,405
4294967279,417
4294967279,539
4294967279,544
4294967279,549
4294967278,389
4294967279,548
4294967278,291
4294967279,545
4294967278,441
4294967278,436
4294967279,431
4294967278,290
4294967279,522
4294967279,408
4294967279,520
4294967279,542
4294967279,233
4294967279,393
4294967279,523
4294967278,301
4294967278,257
4294967279,400
4294967278,287
4294967279,386
4294967279,541
4294967278,300
4294967279,398
4294967278,295
4294967278,281
4294967279,447
4294967279,446
4294967279,540
4294967279,534
4294967279,514
4294967278,278
4294967279,227
4294967279,432
4294967279,430
